0.00000000
0.0018953
3.55183
3.55240
3.55319
4.9642889
5.9334881
5.9335272
6.0271032
6.0273242
6.7903286
6.7903465
6.8203997
7.1646046
7.1646833
7.438240
7.438240
7.4429048
7.4429055
7.4572049
7.61679
7.746801
7.747215
7.747215
7.7510654
7.7510654
7.84364
7.880515
7.915811
7.915811
7.918415
7.918415
7.954332
7.97322
8.017482
8.017482
8.019266
8.019266
8.033195
8.05455
8.083434
8.083434
8.084685
8.084685
8.092472
8.10865
8.128612
8.129514
8.134526
8.160905
8.161540
8.184766
8.185267
8.202911
8.217013
8.228200
8.237217
8.244597
8.250713
8.255835
8.260166
8.263862
8.267041
8.269799
8.272202
8.274317
8.276199
8.277831
8.279304
8.280617
8.28181
8.282847
8.283842
8.284757
8.28550
8.28620
8.28690
8.28752
8.28807
8.28860
8.28904

